
8325482  8325461  8325477  8325454  8325461  8325461
8325453  8325459  8325465  8325455  8325459  8325459
8325455  8325461  8325460  8325464  8325461  8325461
8325469  8325466  8325464  8325474  8325466  8325466
8325484  8325466  8325474  8325478  8325466  8325466
8325421  8325467  8325448  8325475  8325467  8325467
8325425  8325467  8325437  8325468  8325467  8325467
8325442  8325467  8325439  8325462  8325467  8325467
8325430  8325466  8325435  8325457  8325466  8325466
8325403  8325465  8325419  8325451  8325465  8325465
8325410  8325464  8325415  8325443  8325464  8325464
8325422  8325462  8325418  8325436  8325462  8325462
8325417  8325459  8325418  8325431  8325459  8325459
8325430  8325457  8325424  8325425  8325457  8325457
8325429  8325454  8325426  8325419  8325454  8325454
8325391  8325451  8325409  8325416  8325451  8325451
8325415  8325448  8325412  8325418  8325448  8325448
8325382  8325445  8325397  8325421  8325445  8325445
8325367  8325429  8325382  8325422  8325429  8325429
8325392  8325424  8325387  8325420  8325424  8325424
8325373  8325424  8325380  8325413  8325424  8325424
8325362  8325423  8325371  8325403  8325423  8325423
8325358  8325421  8325365  8325393  8325421  8325421
8325357  8325400  8325361  8325384  8325400  8325400
8325353  8325389  8325357  8325376  8325389  8325389
8325352  8325389  8325355  8325370  8325389  8325389
8325331  8325388  8325343  8325367  8325388  8325388
8325354  8325387  8325348  8325366  8325387  8325387
8325378  8325386  8325363  8325364  8325386  8325386
8325354  8325384  8325359  8325360  8325384  8325384
8325384  8325382  8325371  8325355  8325382  8325382
8325395  8325380  8325383  8325353  8325380  8325380
8325362  8325379  8325373  8325358  8325379  8325379
8325341  8325378  8325357  8325367  8325378  8325378
8325319  8325378  8325338  8325375  8325378  8325378
8325303  8325378  8325321  8325378  8325378  8325378
8325353  8325377  8325337  8325373  8325377  8325377
8325369  8325376  8325353  8325359  8325376  8325376
8325350  8325373  8325352  8325342  8325373  8325373
8325352  8325369  8325352  8325332  8325369  8325369
8325357  8325366  8325354  8325335  8325366  8325366
8325329  8325364  8325342  8325346  8325364  8325364
8325355  8325364  8325348  8325357  8325364  8325364
8325358  8325364  8325353  8325362  8325364  8325364
8325388  8325363  8325370  8325361  8325363  8325363
8325395  8325363  8325382  8325357  8325363  8325363
8325371  8325362  8325377  8325356  8325362  8325362
8325361  8325362  8325369  8325362  8325362  8325362
8325321  8325363  8325345  8325372  8325363  8325363
8325340  8325365  8325343  8325380  8325365  8325365
8325363  8325366  8325353  8325380  8325366  8325366
8325377  8325367  8325365  8325372  8325367  8325367
8325371  8325366  8325368  8325360  8325366  8325366
8325326  8325365  8325347  8325350  8325365  8325365
8325322  8325363  8325335  8325347  8325363  8325363
8325356  8325362  8325345  8325351  8325362  8325362
8325364  8325362  8325354  8325356  8325362  8325362
8325370  8325361  8325362  8325357  8325361  8325361
8325374  8325361  8325368  8325355  8325361  8325361
8325334  8325360  8325351  8325355  8325360  8325360
8325331  8325360  8325341  8325359  8325360  8325360
8325358  8325361  8325349  8325364  8325361  8325361
8325321  8325361  8325335  8325365  8325361  8325361
8325348  8325361  8325341  8325360  8325361  8325361
8325325  8325360  8325333  8325350  8325360  8325360
8325320  8325358  8325327  8325340  8325358  8325358
8325312  8325356  8325320  8325336  8325356  8325356
8325273  8325354  8325297  8325336  8325354  8325354
8325332  8325353  8325314  8325336  8325353  8325353
8325322  8325351  8325318  8325332  8325351  8325351
8325312  8325348  8325315  8325324  8325348  8325348
8325317  8325345  8325316  8325315  8325345  8325345
8325295  8325342  8325306  8325310  8325342  8325342
8325314  8325339  8325310  8325312  8325339  8325339
8325333  8325337  8325321  8325318  8325337  8325337
8325342  8325336  8325331  8325324  8325336  8325336
8325310  8325335  8325321  8325328  8325335  8325335
8325291  8325334  8325306  8325329  8325334  8325334
8325317  8325334  8325311  8325329  8325334  8325334
8325327  8325333  8325319  8325329  8325333  8325333
8325331  8325333  8325325  8325328  8325333  8325333
8325332  8325332  8325328  8325325  8325332  8325332
8325327  8325331  8325328  8325322  8325331  8325331
8325312  8325330  8325320  8325323  8325330  8325330
8325351  8325330  8325335  8325328  8325330  8325330
8325296  8325330  8325316  8325333  8325330  8325330
8325267  8325331  8325292  8325335  8325331  8325331
8325334  8325331  8325313  8325332  8325331  8325331
8325343  8325330  8325328  8325325  8325330  8325330
8325324  8325329  8325326  8325316  8325329  8325329
8325340  8325327  8325333  8325311  8325327  8325327
8325315  8325326  8325324  8325314  8325326  8325326
8325309  8325325  8325317  8325323  8325325  8325325
8325287  8325326  8325302  8325331  8325326  8325326
8325283  8325327  8325293  8325334  8325327  8325327
8325332  8325327  8325312  8325331  8325327  8325327
8325333  8325327  8325322  8325323  8325327  8325327
8325342  8325326  8325332  8325315  8325326  8325326
8325320  8325324  8325326  8325312  8325324  8325324
8325304  8325323  8325315  8325315  8325323  8325323
8325321  8325323  8325318  8325322  8325323  8325323
8325294  8325324  8325306  8325329  8325324  8325324
8325271  8325325  8325289  8325333  8325325  8325325
8325288  8325325  8325289  8325331  8325325  8325325
8325285  8325325  8325287  8325322  8325325  8325325
8325318  8325323  8325302  8325309  8325323  8325323
8325313  8325321  8325307  8325298  8325321  8325321
8325307  8325318  8325307  8325294  8325318  8325318
8325337  8325316  8325322  8325297  8325316  8325316
8325330  8325315  8325326  8325304  8325315  8325315
8325296  8325315  8325311  8325312  8325315  8325315
8325296  8325315  8325304  8325320  8325315  8325315
8325341  8325316  8325322  8325327  8325316  8325316
8325321  8325317  8325322  8325329  8325317  8325317
8325279  8325318  8325301  8325326  8325318  8325318
8325257  8325318  8325279  8325321  8325318  8325318
8325296  8325318  8325287  8325315  8325318  8325318
8325283  8325317  8325285  8325307  8325317  8325317
8325274  8325315  8325280  8325299  8325315  8325315
8325280  8325313  8325280  8325292  8325313  8325313
8325334  8325311  8325307  8325287  8325311  8325311
8325361  8325308  8325334  8325287  8325308  8325308
8325299  8325307  8325317  8325292  8325307  8325307
8325306  8325306  8325312  8325300  8325306  8325306
8325319  8325307  8325315  8325311  8325307  8325307
8325325  8325308  8325320  8325320  8325308  8325308
8325308  8325309  8325314  8325325  8325309  8325309
8325253  8325311  8325284  8325324  8325311  8325311
8325250  8325312  8325267  8325319  8325312  8325312
8325253  8325312  8325260  8325313  8325312  8325312
8325276  8325311  8325268  8325304  8325311  8325311
8325292  8325309  8325280  8325290  8325309  8325309
8325250  8325306  8325265  8325275  8325306  8325306
8325326  8325302  8325295  8325266  8325302  8325302
8325300  8325298  8325297  8325266  8325298  8325298
8325235  8325296  8325266  8325274  8325296  8325296
8325253  8325295  8325260  8325286  8325295  8325295
8325243  8325295  8325252  8325294  8325295  8325295
8325259  8325295  8325255  8325293  8325295  8325295
8325265  8325293  8325260  8325281  8325293  8325293
8325312  8325290  8325286  8325263  8325290  8325290
8325333  8325287  8325309  8325251  8325287  8325287
8325328  8325284  8325318  8325254  8325284  8325284
8325309  8325283  8325314  8325271  8325283  8325283
8325280  8325284  8325297  8325292  8325284  8325284
8325281  8325286  8325289  8325309  8325286  8325286
8325278  8325289  8325284  8325319  8325289  8325289
8325257  8325292  8325271  8325320  8325292  8325292
8325251  8325294  8325261  8325311  8325294  8325294
8325261  8325294  8325261  8325295  8325294  8325294
8325244  8325292  8325253  8325280  8325292  8325292
8325252  8325290  8325253  8325268  8325290  8325290
8325292  8325287  8325272  8325259  8325287  8325287
8325260  8325284  8325266  8325254  8325284  8325284
8325298  8325281  8325282  8325256  8325281  8325281
8325294  8325280  8325288  8325263  8325280  8325280
8325268  8325279  8325278  8325272  8325279  8325279
8325273  8325279  8325276  8325281  8325279  8325279
8325308  8325280  8325292  8325287  8325280  8325280
8325291  8325281  8325292  8325289  8325281  8325281
8325252  8325281  8325272  8325288  8325281  8325281
8325257  8325282  8325265  8325287  8325282  8325282
8325276  8325282  8325270  8325286  8325282  8325282
8325284  8325282  8325277  8325283  8325282  8325282
8325261  8325282  8325269  8325281  8325282  8325282
8325255  8325282  8325262  8325279  8325282  8325282
8325267  8325281  8325264  8325275  8325281  8325281
8325250  8325280  8325257  8325272  8325280  8325280
8325266  8325279  8325261  8325271  8325279  8325279
8325253  8325278  8325257  8325270  8325278  8325278
8325265  8325277  8325261  8325267  8325277  8325277
8325284  8325276  8325272  8325263  8325276  8325276
8325264  8325274  8325268  8325260  8325274  8325274
8325266  8325273  8325267  8325261  8325273  8325273
8325282  8325272  8325274  8325268  8325272  8325272
8325260  8325272  8325267  8325275  8325272  8325272
8325222  8325273  8325245  8325277  8325273  8325273
8325260  8325273  8325252  8325274  8325273  8325273
8325257  8325272  8325254  8325269  8325272  8325272
8325257  8325271  8325255  8325263  8325271  8325271
8325258  8325270  8325256  8325258  8325270  8325270
8325252  8325268  8325254  8325255  8325268  8325268
8325220  8325267  8325237  8325255  8325267  8325267
8325215  8325266  8325226  8325256  8325266  8325266
8325200  8325265  8325213  8325255  8325265  8325265
8325248  8325263  8325230  8325250  8325263  8325263
8325246  8325261  8325238  8325241  8325261  8325261
8325236  8325258  8325237  8325232  8325258  8325258
8325257  8325255  8325247  8325228  8325255  8325255
8325225  8325253  8325236  8325231  8325253  8325253
8325232  8325251  8325234  8325239  8325251  8325251
8325242  8325251  8325238  8325247  8325251  8325251
8325239  8325251  8325238  8325250  8325251  8325251
8325261  8325251  8325249  8325249  8325251  8325251
8325270  8325250  8325259  8325247  8325250  8325250
8325257  8325250  8325258  8325245  8325250  8325250
8325258  8325249  8325258  8325246  8325249  8325249
8325272  8325249  8325265  8325251  8325249  8325249
8325283  8325250  8325274  8325259  8325250  8325250
8325282  8325252  8325278  8325266  8325252  8325252
8325267  8325254  8325273  8325271  8325254  8325254
8325282  8325256  8325277  8325275  8325256  8325256
8325268  8325258  8325273  8325279  8325258  8325258
8325231  8325260  8325252  8325281  8325260  8325260
8325240  8325262  8325246  8325280  8325262  8325262
8325241  8325263  8325244  8325274  8325263  8325263
8325270  8325263  8325257  8325264  8325263  8325263
8325307  8325262  8325282  8325254  8325262  8325262
8325289  8325261  8325285  8325250  8325261  8325261
8325224  8325260  8325255  8325254  8325260  8325260
8325218  8325261  8325237  8325264  8325261  8325261
8325245  8325262  8325241  8325273  8325262  8325262
8325263  8325263  8325252  8325275  8325263  8325263
8325289  8325263  8325270  8325269  8325263  8325263
8325266  8325263  8325268  8325258  8325263  8325263
8325219  8325261  8325244  8325249  8325261  8325261
8325221  8325260  8325233  8325249  8325260  8325260
8325265  8325260  8325249  8325257  8325260  8325260
8325298  8325260  8325273  8325264  8325260  8325260
8325255  8325261  8325264  8325265  8325261  8325261
8325257  8325261  8325261  8325262  8325261  8325261
8325284  8325261  8325272  8325261  8325261  8325261
8325270  8325261  8325271  8325264  8325261  8325261
8325267  8325262  8325269  8325269  8325262  8325262
8325281  8325263  8325275  8325273  8325263  8325263
8325292  8325264  8325283  8325275  8325264  8325264
8325232  8325265  8325258  8325277  8325265  8325265
8325270  8325266  8325264  8325278  8325266  8325266
8325279  8325267  8325271  8325277  8325267  8325267
8325252  8325268  8325262  8325275  8325268  8325268
8325298  8325268  8325280  8325273  8325268  8325268
8325285  8325269  8325282  8325272  8325269  8325269
8325256  8325269  8325269  8325275  8325269  8325269
8325252  8325270  8325261  8325281  8325270  8325270
8325229  8325272  8325245  8325284  8325272  8325272
8325210  8325273  8325228  8325281  8325273  8325273
8325282  8325273  8325255  8325272  8325273  8325273
8325309  8325272  8325282  8325260  8325272  8325272
8325265  8325270  8325274  8325252  8325270  8325270
8325225  8325268  8325250  8325253  8325268  8325268
8325215  8325268  8325233  8325262  8325268  8325268
8325248  8325268  8325240  8325273  8325268  8325268
8325254  8325269  8325247  8325277  8325269  8325269
8325242  8325269  8325245  8325271  8325269  8325269
8325244  8325268  8325245  8325257  8325268  8325268
8325217  8325266  8325231  8325244  8325266  8325266
8325181  8325246  8325206  8325238  8325246  8325246
8325232  8325242  8325219  8325239  8325242  8325242
8325210  8325242  8325215  8325241  8325242  8325242
8325187  8325242  8325201  8325239  8325242  8325242
8325208  8325242  8325204  8325233  8325242  8325242
8325221  8325241  8325212  8325224  8325241  8325241
8325252  8325239  8325232  8325214  8325239  8325239
8325223  8325237  8325228  8325207  8325237  8325237
8325261  8325235  8325244  8325209  8325235  8325235
8325267  8325234  8325255  8325220  8325234  8325234
8325266  8325234  8325260  8325233  8325234  8325234
8325250  8325235  8325255  8325244  8325235  8325235
8325204  8325237  8325230  8325252  8325237  8325237
8325220  8325238  8325225  8325257  8325238  8325238
8325216  8325240  8325221  8325257  8325240  8325240
8325229  8325241  8325225  8325251  8325241  8325241
8325251  8325241  8325238  8325241  8325241  8325241
8325244  8325240  8325241  8325232  8325240  8325240
8325272  8325239  8325256  8325229  8325239  8325239
8325254  8325238  8325255  8325233  8325238  8325238
8325230  8325238  8325243  8325241  8325238  8325238
8325243  8325239  8325243  8325250  8325239  8325239
8325272  8325241  8325257  8325259  8325241  8325241
8325229  8325243  8325243  8325262  8325243  8325243
8325235  8325245  8325239  8325260  8325245  8325245
8325230  8325246  8325235  8325256  8325246  8325246
8325236  8325246  8325235  8325253  8325246  8325246
8325217  8325247  8325226  8325250  8325247  8325247
8325248  8325247  8325237  8325247  8325247  8325247
8325249  8325246  8325243  8325242  8325246  8325246
8325247  8325245  8325245  8325238  8325245  8325245
8325266  8325245  8325255  8325238  8325245  8325245
8325237  8325245  8325246  8325243  8325245  8325245
8325169  8325245  8325208  8325250  8325245  8325245
8325176  8325246  8325192  8325254  8325246  8325246
8325236  8325247  8325214  8325250  8325247  8325247
8325230  8325246  8325222  8325237  8325246  8325246
8325252  8325243  8325237  8325221  8325243  8325243
8325216  8325240  8325227  8325210  8325240  8325240
8325242  8325237  8325234  8325210  8325237  8325237
8325250  8325236  8325242  8325219  8325236  8325236
8325263  8325235  8325252  8325231  8325235  8325235
8325206  8325236  8325229  8325241  8325236  8325236
8325212  8325237  8325221  8325247  8325237  8325237
8325217  8325238  8325219  8325249  8325238  8325238
8325215  8325239  8325217  8325248  8325239  8325239
8325202  8325239  8325210  8325241  8325239  8325239
8325228  8325238  8325219  8325230  8325238  8325238
8325254  8325236  8325236  8325221  8325236  8325236
8325234  8325234  8325235  8325217  8325234  8325234
8325266  8325233  8325250  8325221  8325233  8325233
8325258  8325232  8325254  8325230  8325232  8325232
8325230  8325233  8325242  8325241  8325233  8325233
8325209  8325235  8325226  8325251  8325235  8325235
8325225  8325237  8325226  8325258  8325237  8325237
8325207  8325239  8325217  8325257  8325239  8325239
8325220  8325240  8325218  8325247  8325240  8325240
8325238  8325239  8325228  8325233  8325239  8325239
8325257  8325238  8325242  8325222  8325238  8325238
8325247  8325236  8325244  8325219  8325236  8325236
8325260  8325235  8325252  8325224  8325235  8325235
8325282  8325235  8325267  8325234  8325235  8325235
8325291  8325236  8325279  8325245  8325236  8325236
8325231  8325238  8325255  8325256  8325238  8325238
8325192  8325240  8325224  8325266  8325240  8325240
8325214  8325243  8325219  8325271  8325243  8325243
8325208  8325245  8325214  8325267  8325245  8325245
8325185  8325246  8325200  8325254  8325246  8325246
8325262  8325245  8325231  8325236  8325245  8325245
8325253  8325243  8325242  8325218  8325243  8325243
8325206  8325239  8325224  8325208  8325239  8325239
8325219  8325237  8325222  8325211  8325237  8325237
8325231  8325236  8325226  8325224  8325236  8325236
8325281  8325236  8325253  8325237  8325236  8325236
8325261  8325237  8325257  8325244  8325237  8325237
8325210  8325238  8325234  8325245  8325238  8325238
8325234  8325238  8325234  8325244  8325238  8325238
8325206  8325239  8325220  8325244  8325239  8325239
8325216  8325239  8325218  8325244  8325239  8325239
8325208  8325239  8325213  8325241  8325239  8325239
8325192  8325239  8325203  8325235  8325239  8325239
8325137  8325230  8325170  8325227  8325230  8325230
8325242  8325224  8325206  8325218  8325224  8325224
8325246  8325224  8325226  8325210  8325224  8325224
8325207  8325223  8325217  8325204  8325223  8325223
8325239  8325222  8325228  8325203  8325222  8325222
8325204  8325221  8325216  8325209  8325221  8325221
8325233  8325221  8325224  8325218  8325221  8325221
8325224  8325221  8325224  8325225  8325221  8325221
8325241  8325222  8325232  8325227  8325222  8325222
8325196  8325222  8325214  8325227  8325222  8325222
8325211  8325223  8325213  8325229  8325223  8325223
8325216  8325224  8325214  8325233  8325224  8325224
8325233  8325225  8325223  8325234  8325225  8325225
8325274  8325225  8325248  8325230  8325225  8325225
8325244  8325225  8325246  8325226  8325225  8325225
8325186  8325225  8325216  8325227  8325225  8325225
8325226  8325226  8325221  8325235  8325226  8325226
8325227  8325228  8325224  8325243  8325228  8325228
8325227  8325229  8325225  8325244  8325229  8325229
8325241  8325230  8325233  8325237  8325230  8325230
8325234  8325230  8325233  8325229  8325230  8325230
8325219  8325229  8325226  8325226  8325229  8325229
8325250  8325229  8325238  8325229  8325229  8325229
8325253  8325230  8325245  8325235  8325230  8325230
8325221  8325231  8325233  8325239  8325231  8325231
8325222  8325232  8325228  8325240  8325232  8325232
8325232  8325232  8325230  8325240  8325232  8325232
8325245  8325233  8325237  8325240  8325233  8325233
8325244  8325234  8325240  8325241  8325234  8325234
8325248  8325235  8325244  8325243  8325235  8325235
8325253  8325236  8325248  8325246  8325236  8325236
8325219  8325237  8325234  8325247  8325237  8325237
8325177  8325238  8325206  8325246  8325238  8325238
8325204  8325238  8325205  8325244  8325238  8325238
8325235  8325238  8325220  8325240  8325238  8325238
8325229  8325238  8325224  8325233  8325238  8325238
8325239  8325237  8325231  8325225  8325237  8325237
8325209  8325235  8325220  8325220  8325235  8325235
8325193  8325234  8325207  8325221  8325234  8325234
8325212  8325233  8325209  8325226  8325233  8325233
8325224  8325233  8325216  8325231  8325233  8325233
8325252  8325233  8325234  8325232  8325233  8325233
8325236  8325232  8325235  8325228  8325232  8325232
8325227  8325231  8325231  8325224  8325231  8325231
8325244  8325231  8325237  8325225  8325231  8325231
8325236  8325231  8325237  8325230  8325231  8325231
8325225  8325231  8325231  8325237  8325231  8325231
8325232  8325232  8325231  8325243  8325232  8325232
8325218  8325233  8325225  8325245  8325233  8325233
8325178  8325234  8325202  8325242  8325234  8325234
8325221  8325234  8325211  8325236  8325234  8325234
8325239  8325234  8325225  8325227  8325234  8325234
8325224  8325232  8325225  8325218  8325232  8325232
8325278  8325231  8325251  8325215  8325231  8325231
8325261  8325230  8325256  8325221  8325230  8325230
8325238  8325230  8325247  8325234  8325230  8325230
8325244  8325232  8325246  8325249  8325232  8325232
8325270  8325235  8325258  8325262  8325235  8325235
8325275  8325238  8325266  8325268  8325238  8325238
8325247  8325240  8325257  8325266  8325240  8325240
8325223  8325242  8325240  8325260  8325242  8325242
8325230  8325244  8325235  8325258  8325244  8325244
8325215  8325245  8325225  8325259  8325245  8325245
8325205  8325246  8325215  8325257  8325246  8325246
8325219  8325247  8325217  8325250  8325247  8325247
8325258  8325246  8325237  8325240  8325246  8325246
8325258  8325245  8325247  8325230  8325245  8325245
8325237  8325243  8325242  8325226  8325243  8325243
8325230  8325242  8325236  8325231  8325242  8325242
8325231  8325242  8325234  8325242  8325242  8325242
8325248  8325243  8325241  8325251  8325243  8325243
8325234  8325244  8325238  8325253  8325244  8325244
8325180  8325244  8325209  8325249  8325244  8325244
8325197  8325244  8325203  8325244  8325244  8325244
8325204  8325244  8325203  8325238  8325244  8325244
8325211  8325243  8325207  8325231  8325243  8325243
8325247  8325241  8325227  8325223  8325241  8325241
8325246  8325238  8325236  8325215  8325238  8325238
8325261  8325236  8325248  8325212  8325236  8325236
8325225  8325234  8325237  8325217  8325234  8325234
8325250  8325233  8325243  8325229  8325233  8325233
8325237  8325234  8325240  8325242  8325234  8325234
8325236  8325236  8325238  8325249  8325236  8325236
8325212  8325237  8325225  8325249  8325237  8325237
8325244  8325238  8325234  8325245  8325238  8325238
8325260  8325238  8325247  8325240  8325238  8325238
8325266  8325238  8325256  8325238  8325238  8325238
8325230  8325238  8325243  8325241  8325238  8325238
8325248  8325239  8325245  8325248  8325239  8325239
8325274  8325241  8325259  8325255  8325241  8325241
8325268  8325242  8325263  8325257  8325242  8325242
8325273  8325243  8325268  8325254  8325243  8325243
8325271  8325244  8325269  8325252  8325244  8325244
8325234  8325245  8325252  8325255  8325245  8325245
8325233  8325247  8325243  8325262  8325247  8325247
8325239  8325249  8325241  8325269  8325249  8325249
8325264  8325251  8325252  8325270  8325251  8325251
8325283  8325252  8325267  8325263  8325252  8325252
8325305  8325252  8325286  8325254  8325252  8325252
8325204  8325252  8325245  8325250  8325252  8325252
8325215  8325252  8325230  8325254  8325252  8325252
8325248  8325253  8325239  8325262  8325253  8325253
8325219  8325254  8325229  8325266  8325254  8325254
8325198  8325254  8325214  8325260  8325254  8325254
8325212  8325254  8325213  8325248  8325254  8325254
8325259  8325252  8325236  8325235  8325252  8325252
8325245  8325249  8325240  8325224  8325249  8325249
8325209  8325246  8325225  8325217  8325246  8325246
8325251  8325243  8325238  8325217  8325243  8325243
8325247  8325241  8325242  8325224  8325241  8325241
8325273  8325240  8325257  8325233  8325240  8325240
8325266  8325240  8325261  8325240  8325240  8325240
8325231  8325241  8325246  8325247  8325241  8325241
8325241  8325242  8325244  8325255  8325242  8325242
8325249  8325244  8325246  8325262  8325244  8325244
8325246  8325246  8325246  8325264  8325246  8325246
8325253  8325248  8325249  8325260  8325248  8325248
8325244  8325248  8325247  8325255  8325248  8325248
8325231  8325249  8325239  8325252  8325249  8325249
8325238  8325249  8325239  8325250  8325249  8325249
8325186  8325249  8325213  8325250  8325249  8325249
8325230  8325249  8325221  8325250  8325249  8325249
8325265  8325249  8325243  8325247  8325249  8325249
8325268  8325248  8325255  8325240  8325248  8325248
8325258  8325247  8325256  8325235  8325247  8325247
8325220  8325246  8325238  8325236  8325246  8325246
8325195  8325245  8325217  8325241  8325245  8325245
8325230  8325245  8325223  8325246  8325245  8325245
8325217  8325245  8325220  8325248  8325245  8325245
8325180  8325245  8325200  8325244  8325245  8325245
8325193  8325244  8325197  8325234  8325244  8325244
8325234  8325242  8325215  8325221  8325242  8325242
8325265  8325239  8325240  8325211  8325239  8325239
8325246  8325236  8325243  8325208  8325236  8325236
8325212  8325234  8325228  8325213  8325234  8325234
8325227  8325233  8325228  8325224  8325233  8325233
8325274  8325233  8325251  8325236  8325233  8325233
8325257  8325234  8325254  8325243  8325234  8325234
8325219  8325235  8325237  8325245  8325235  8325235
8325218  8325236  8325228  8325245  8325236  8325236
8325203  8325237  8325216  8325245  8325237  8325237
8325242  8325238  8325229  8325244  8325238  8325238
8325268  8325238  8325248  8325240  8325238  8325238
8325228  8325237  8325238  8325234  8325237  8325237
8325216  8325237  8325227  8325230  8325237  8325237
8325252  8325236  8325239  8325232  8325236  8325236
8325208  8325236  8325224  8325238  8325236  8325236
8325211  8325237  8325218  8325244  8325237  8325237
8325216  8325238  8325217  8325245  8325238  8325238
8325202  8325238  8325210  8325239  8325238  8325238
8325217  8325237  8325213  8325230  8325237  8325237
8325217  8325235  8325215  8325222  8325235  8325235
8325199  8325233  8325207  8325216  8325233  8325233
8325259  8325231  8325233  8325213  8325231  8325231
8325258  8325229  8325245  8325212  8325229  8325229
8325192  8325228  8325219  8325214  8325228  8325228
8325222  8325227  8325220  8325219  8325227  8325227
8325202  8325227  8325211  8325227  8325227  8325227
8325227  8325228  8325219  8325235  8325228  8325228
8325257  8325229  8325238  8325237  8325229  8325229
8325247  8325229  8325242  8325233  8325229  8325229
8325227  8325229  8325235  8325227  8325229  8325229
8325230  8325229  8325233  8325227  8325229  8325229
8325216  8325230  8325225  8325236  8325230  8325230
8325211  8325231  8325218  8325247  8325231  8325231
8325204  8325233  8325211  8325250  8325233  8325233
8325206  8325234  8325209  8325245  8325234  8325234
8325196  8325234  8325203  8325234  8325234  8325234
8325217  8325233  8325210  8325221  8325233  8325233
8325251  8325231  8325230  8325211  8325231  8325231
8325301  8325229  8325265  8325208  8325229  8325229
8325242  8325227  8325254  8325213  8325227  8325227
8325202  8325227  8325228  8325226  8325227  8325227
8325229  8325229  8325228  8325244  8325229  8325229
8325197  8325231  8325213  8325258  8325231  8325231
8325220  8325234  8325216  8325259  8325234  8325234
8325268  8325235  8325242  8325247  8325235  8325235
8325240  8325234  8325241  8325231  8325234  8325234
8325260  8325233  8325250  8325222  8325233  8325233
8325266  8325232  8325258  8325224  8325232  8325232
8325303  8325232  8325280  8325234  8325232  8325232
8325285  8325234  8325282  8325247  8325234  8325234
8325235  8325236  8325259  8325260  8325236  8325236
8325204  8325240  8325232  8325273  8325240  8325240
8325214  8325244  8325223  8325283  8325244  8325244
8325241  8325248  8325232  8325284  8325248  8325248
8325237  8325250  8325234  8325273  8325250  8325250
8325235  8325251  8325234  8325254  8325251  8325251
8325235  8325249  8325234  8325237  8325249  8325249
8325277  8325247  8325255  8325229  8325247  8325247
8325249  8325246  8325252  8325231  8325246  8325246
8325215  8325245  8325234  8325239  8325245  8325245
8325206  8325245  8325220  8325248  8325245  8325245
8325232  8325246  8325226  8325253  8325246  8325246
8325261  8325246  8325243  8325250  8325246  8325246
8325225  8325246  8325234  8325242  8325246  8325246
8325243  8325245  8325238  8325235  8325245  8325245
8325249  8325244  8325243  8325232  8325244  8325244
8325242  8325243  8325243  8325232  8325243  8325243
8325210  8325242  8325227  8325235  8325242  8325242
8325218  8325241  8325223  8325239  8325241  8325241
8325228  8325241  8325225  8325241  8325241  8325241
8325226  8325241  8325225  8325240  8325241  8325241
8325217  8325241  8325221  8325237  8325241  8325241
8325258  8325240  8325239  8325235  8325240  8325240
8325256  8325240  8325247  8325234  8325240  8325240
8325219  8325239  8325233  8325233  8325239  8325239
8325242  8325239  8325237  8325234  8325239  8325239
8325201  8325239  8325219  8325238  8325239  8325239
8325181  8325239  8325200  8325244  8325239  8325239
8325205  8325240  8325202  8325246  8325240  8325240
8325191  8325240  8325197  8325239  8325240  8325240
8325240  8325238  8325218  8325226  8325238  8325238
8325248  8325236  8325233  8325215  8325236  8325236
8325241  8325234  8325237  8325211  8325234  8325234
8325166  8325232  8325202  8325215  8325232  8325232
8325139  8325226  8325171  8325224  8325226  8325226
8325190  8325228  8325180  8325231  8325228  8325228
8325243  8325228  8325211  8325228  8325228  8325228
8325235  8325228  8325223  8325215  8325228  8325228
8325243  8325227  8325233  8325202  8325227  8325227
8325241  8325225  8325237  8325198  8325225  8325225
8325247  8325224  8325242  8325207  8325224  8325224
8325221  8325224  8325232  8325224  8325224  8325224
8325235  8325225  8325233  8325240  8325225  8325225
8325233  8325227  8325233  8325248  8325227  8325227
8325243  8325228  8325238  8325247  8325228  8325228
8325227  8325229  8325233  8325240  8325229  8325229
8325248  8325230  8325240  8325234  8325230  8325230
8325261  8325230  8325250  8325233  8325230  8325230
8325213  8325231  8325232  8325238  8325231  8325231
8325238  8325232  8325235  8325247  8325232  8325232
8325233  8325234  8325234  8325254  8325234  8325234
8325207  8325236  8325221  8325255  8325236  8325236
8325236  8325237  8325228  8325248  8325237  8325237
8325256  8325237  8325242  8325235  8325237  8325237
8325254  8325236  8325248  8325223  8325236  8325236
8325250  8325234  8325249  8325218  8325234  8325234
8325234  8325233  8325242  8325223  8325233  8325233
8325198  8325233  8325220  8325234  8325233  8325233
8325253  8325234  8325236  8325244  8325234  8325234
8325271  8325236  8325253  8325249  8325236  8325236
8325229  8325237  8325241  8325249  8325237  8325237
8325228  8325238  8325235  8325247  8325238  8325238
8325219  8325238  8325227  8325245  8325238  8325238
8325220  8325239  8325224  8325245  8325239  8325239
8325203  8325239  8325214  8325245  8325239  8325239
8325186  8325239  8325200  8325241  8325239  8325239
8325226  8325239  8325213  8325233  8325239  8325239
8325183  8325237  8325198  8325223  8325237  8325237
8325184  8325235  8325191  8325214  8325235  8325235
8325257  8325233  8325224  8325207  8325233  8325233
8325216  8325230  8325220  8325204  8325230  8325230
8325214  8325228  8325217  8325208  8325228  8325228
8325215  8325227  8325216  8325216  8325227  8325227
8325212  8325227  8325214  8325224  8325227  8325227
8325214  8325227  8325214  8325227  8325227  8325227
8325245  8325227  8325229  8325225  8325227  8325227
8325260  8325226  8325244  8325222  8325226  8325226
8325223  8325226  8325234  8325222  8325226  8325226
8325155  8325226  8325195  8325225  8325226  8325226
8325167  8325226  8325181  8325227  8325226  8325226
8325193  8325226  8325187  8325226  8325226  8325226
8325259  8325225  8325223  8325221  8325225  8325225
8325224  8325224  8325223  8325213  8325224  8325224
8325204  8325223  8325214  8325206  8325223  8325223
8325182  8325221  8325198  8325206  8325221  8325221
8325233  8325220  8325215  8325213  8325220  8325220
8325284  8325220  8325249  8325220  8325220  8325220
8325268  8325221  8325258  8325224  8325221  8325221
8325253  8325221  8325256  8325227  8325221  8325221
8325253  8325222  8325255  8325233  8325222  8325222
8325205  8325224  8325230  8325244  8325224  8325224
8325196  8325227  8325213  8325256  8325227  8325227
8325244  8325231  8325228  8325262  8325231  8325231
8325222  8325233  8325225  8325257  8325233  8325233
8325232  8325234  8325228  8325243  8325234  8325234
8325237  8325234  8325232  8325228  8325234  8325234
8325254  8325232  8325243  8325220  8325232  8325232
8325248  8325231  8325245  8325223  8325231  8325231
8325246  8325231  8325245  8325233  8325231  8325231
8325254  8325232  8325249  8325242  8325232  8325232
8325225  8325234  8325237  8325247  8325234  8325234
8325224  8325235  8325231  8325248  8325235  8325235
8325204  8325236  8325218  8325246  8325236  8325236
8325214  8325237  8325216  8325241  8325237  8325237
8325259  8325237  8325237  8325235  8325237  8325237
