8538395  8538407  8538399  8538406  8538407  8538405
8538424  8538408  8538416  8538409  8538408  8538406
8538415  8538409  8538416  8538411  8538409  8538406
8538407  8538410  8538410  8538411  8538410  8538407
8538440  8538411  8538431  8538417  8538411  8538408
8538461  8538412  8538452  8538428  8538412  8538408
8538436  8538413  8538441  8538432  8538413  8538409
8538414  8538415  8538423  8538429  8538415  8538409
8538391  8538418  8538401  8538420  8538418  8538410
8538407  8538420  8538405  8538415  8538420  8538411
8538415  8538422  8538412  8538414  8538422  8538412
8538428  8538422  8538423  8538417  8538422  8538413
8538420  8538420  8538421  8538418  8538420  8538413
8538420  8538418  8538421  8538419  8538418  8538413
8538442  8538416  8538435  8538424  8538416  8538414
8538424  8538416  8538428  8538425  8538416  8538414
8538417  8538417  8538421  8538424  8538417  8538414
8538431  8538418  8538428  8538425  8538418  8538414
8538418  8538418  8538421  8538424  8538418  8538414
8538408  8538417  8538412  8538420  8538417  8538414
8538447  8538416  8538436  8538425  8538416  8538414
8538435  8538416  8538436  8538428  8538416  8538414
8538419  8538417  8538425  8538427  8538417  8538414
8538445  8538418  8538439  8538431  8538418  8538415
8538391  8538419  8538406  8538423  8538419  8538415
8538368  8538422  8538380  8538409  8538422  8538415
8538394  8538426  8538389  8538403  8538426  8538415
8538399  8538428  8538396  8538401  8538428  8538416
8538374  8538425  8538381  8538395  8538425  8538416
8538378  8538418  8538379  8538390  8538418  8538416
8538382  8538409  8538381  8538387  8538409  8538416
8538431  8538402  8538416  8538396  8538402  8538415
8538465  8538396  8538450  8538413  8538396  8538415
8538432  8538391  8538438  8538421  8538391  8538414
8538458  8538389  8538452  8538431  8538389  8538413
8538408  8538392  8538422  8538428  8538392  8538413
8538349  8538400  8538371  8538410  8538400  8538413
8538389  8538411  8538383  8538401  8538411  8538412
8538444  8538422  8538425  8538409  8538422  8538413
8538409  8538429  8538414  8538411  8538429  8538413
8538403  8538429  8538407  8538410  8538429  8538413
8538436  8538423  8538427  8538415  8538423  8538414
8538441  8538414  8538436  8538422  8538414  8538414
8538450  8538407  8538445  8538429  8538407  8538413
8538439  8538404  8538441  8538433  8538404  8538413
8538452  8538405  8538448  8538438  8538405  8538413
8538492  8538410  8538478  8538451  8538410  8538413
8538490  8538419  8538486  8538462  8538419  8538413
8538482  8538432  8538484  8538469  8538432  8538413
8538497  8538447  8538493  8538477  8538447  8538414
8538418  8538460  8538441  8538466  8538460  8538415
8538404  8538468  8538415  8538450  8538468  8538417
8538444  8538471  8538435  8538445  8538471  8538418
8538434  8538470  8538435  8538442  8538470  8538419
8538430  8538465  8538432  8538439  8538465  8538420
8538420  8538458  8538424  8538434  8538458  8538421
8538426  8538450  8538425  8538431  8538450  8538422
8538392  8538441  8538402  8538422  8538441  8538422
8538435  8538435  8538425  8538423  8538435  8538423
8538483  8538433  8538465  8538436  8538433  8538423
8538490  8538433  8538482  8538451  8538433  8538423
8538442  8538433  8538454  8538452  8538433  8538423
8538394  8538432  8538412  8538439  8538432  8538424
8538416  8538431  8538414  8538431  8538431  8538424
8538438  8538430  8538430  8538431  8538430  8538424
8538457  8538431  8538448  8538436  8538431  8538424
8538435  8538434  8538439  8538437  8538434  8538425
8538433  8538437  8538435  8538436  8538437  8538425
8538413  8538439  8538420  8538431  8538439  8538426
8538445  8538439  8538437  8538433  8538439  8538426
8538425  8538436  8538429  8538432  8538436  8538426
8538396  8538432  8538406  8538424  8538432  8538427
8538452  8538430  8538438  8538428  8538430  8538427
8538414  8538429  8538422  8538426  8538429  8538427
8538400  8538428  8538407  8538420  8538428  8538427
8538422  8538426  8538417  8538419  8538426  8